80
631
161
137
123
138
1434
445
135
67
23
53
443
21
139
22
500
68
520
1900
25
4500
514
49152
162
69
5353
111
49154
3389
110
1701
998
996
997
999
3283
49153
1812
136
143
2222
3306
2049
32768
5060
8080
1025
1433
3456
1723
995
993
20031
1026
7
5900
1646
1645
593
518
2048
626
1027
587
177
1719
427
497
8888
4444
1023
65024
199
19
9
49193
1029
1720
49
465
88
1028
17185
1718
49186
548
113
81
6001
2000
10000
31337
49192
49201
515
2223
49181
179
1813
120
158
49200
8443
8000
3703
32815
17
5000
32771
33281
554
1030
26
623
1022
32769
5632
49156
49182
49191
49194
2001
9200
30718
49185
49188
49190
49211
5001
5355
8008
32770
34555
34861
37444
1032
3130
4045
1031
5666
646
49158
49196
37
2967
4000
989
3659
5631
4672
34862
8081
49162
49187
49189
49195
79
5800
2148
106
2121
1110
49155
41524
6000
513
10080
990
5357
32772
407
42
543
544
33354
1034
5101
49180
49199
144
1001
6346
13
517
1068
389
8009
1041
1045
1782
19283
49171
49179
49184
49202
49205
49208
49209
49210
3128
9876
444
39213
9999
5009
800
7070
464
1036
1038
1039
1419
5190
192
44968
3000
5432
1008
49159
49166
3986
1024
1033
19682
22986
2002
5051
6646
664
1021
11487
49157
49163
49165
49168
49172
58002
1043
873
1755
2717
4899
683
1019
1044
1049
1885
3052
5093
5351
7938
5500
9100
16680
27892
119
32773
1000
3001
35777
41058
49160
49169
49174
52225
685
686
1047
1056
1886
6004
8193
38293
782
82
786
10010
38037
32774
9090
2107
780
1080
32775
2103
682
983
1014
1054
1066
2051
6970
6971
9950
781
5050
16832
16947
18449
19120
19503
19616
20019
20126
20389
21383
22846
22996
25375
27195
28547
29823
30303
30365
31073
31681
31891
33355
42172
1801
32779
49167
49175
49198
49204
49212
49213
49215
52503
53571
8031
5002
27015
255
1048
1053
1064
1065
5003
7000
1485
684
1037
1090
1761
9103
808
3689
32777
539
434
767
54321
3401
112
1071
5901
512
6347
100
9102
2869
4001
5120
8010
9000
363
2105
636
32818
32931
33744
34125
34892
35438
36206
39888
40116
40441
40708
40732
40915
41081
41370
42508
45441
47624
38
776
2601
32776
49161
49170
49173
49176
49197
49207
49503
50612
51717
54281
56141
58631
58640
61370
62287
63555
64513
1
217
775
1012
643
687
688
829
902
959
1035
1040
1042
1069
1901
2160
3702
8001
8181
9020
9199
16402
16430
16918
17091
17455
17459
17573
17615
17616
17888
17939
17989
18004
18234
18331
18360
18582
18835
18980
19017
19039
19130
19165
19197
19294
19322
19332
19489
19600
19687
19933
20004
20359
21131
21212
21261
21298
21354
21621
21803
21902
22055
22341
22692
22695
22739
22799
22914
23040
23176
23354
23531
23557
23608
23679
23781
23965
23980
24007
24279
24511
24594
24606
24644
24854
24910
25003
25157
25240
25280
25337
25462
25541
25546
25709
25931
26407
26415
26720
26872
26966
27473
27482
27707
27899
28122
28369
28465
28493
28543
28641
28840
28973
29078
29243
29256
29810
29977
30263
30544
30656
30697
30704
30975
31059
31109
31189
31195
31365
31625
31731
32345
32385
32528
1346
20
625
311
2
280
254
32780
772
1214
1993
1998
2005
402
773
31335
1050
774
6112
814
838
903
965
1007
1046
1055
1057
1060
1081
1100
1105
1124
1234
1804
2343
3664
6002
6050
9001
9877
1059
1524
5555
3690
5010
32778
1521
27444
32798
33030
33249
33459
33717
33866
33872
34038
34079
34358
34422
34433
34570
34577
34578
34579
34580
34758
34796
34855
35702
35794
36108
36384
36458
36489
36669
36778
36893
36945
37144
37212
37393
37602
37761
37783
37813
37843
38063
38412
38498
38615
39217
39632
39683
39714
39723
40019
40539
40622
40711
40724
40805
40847
40866
41308
41446
41638
41702
41774
41896
41967
41971
42056
42313
42431
42434
42557
42577
42627
42639
43094
43195
43370
43514
43686
43824
43967
44101
44160
44179
44185
44190
44253
44334
44508
44923
44946
45247
45380
45685
45722
45818
45928
46093
46532
46836
47765
47772
47808
47915
47981
48078
48189
48255
48455
48489
48761
1484
3
2161
1067
49177
49178
49214
49216
49220
49222
49226
49259
49262
49306
49350
49360
49393
49396
49640
49968
50099
50164
50497
50708
50919
51255
51456
51554
51586
51690
51905
51972
52144
53006
53037
53589
53838
54094
54114
54711
54807
54925
55043
55544
55587
57172
57409
57410
57813
57843
57958
57977
58075
58178
58419
58797
59193
59207
59765
59846
60172
60381
60423
61024
61142
61319
61322
61412
61481
61550
61685
61961
62154
62575
62677
62699
62958
63420
64080
64481
64590
64727
2401
1058
787
7937
4666
559
3457
1455
2383
4008
207
764
1457
639
657
689
789
826
944
1013
1020
1051
1070
1072
1087
1088
1101
1200
2345
2362
3296
3343
8900
9370
16086
502
50000
16420
16433
16449
16498
16503
16545
16548
16573
16674
16697
16700
16708
16711
16739
16766
16779
16786
16816
16829
16838
16839
16862
16896
16912
16919
16938
16939
16948
16970
16972
16974
17006
17018
17077
17101
17146
17184
17205
17207
17219
17236
17237
17282
17302
17321
17331
17332
17338
17359
17417
17423
17424
17468
17487
17490
17494
17505
17533
17549
17580
17585
17592
17605
17629
17638
17663
17673
17674
17683
17726
17754
17762
17787
17814
17823
17824
17836
17845
17946
18081
18113
18134
18156
18228
18250
18255
18258
18319
18373
18485
18543
18605
18617
18666
18669
18676
18683
18807
18818
18821
18830
18832
18869
18883
18888
18958
18985
18987
18991
18994
18996
19022
19047
19075
19096
19140
19141
19154
19161
19181
19193
19222
19227
19273
19315
19374
19415
19482
19500
19504
19541
19605
19624
19625
19632
19639
19647
19650
19660
19662
19663
19683
19695
19707
19717
19718
19719
19722
19728
19789
19792
19935
19936
19956
19995
19998
20003
20082
20117
20120
20129
20146
20154
20164
20206
20217
20249
20262
20279
20288
20309
20313
20326
20360
20366
20380
20409
20411
20423
20424
20425
